s,K,N,sigma,<w(p)>,w(<p>),w_theo,n_real,<F>
0.177828, 150, 100, 0.500000, 0.643070, 0.655366, 2.053670, 130, 0.021324 
0.100000, 150, 100, 0.500000, 1.180874, 1.216285, 2.738613, 91, 0.031121 
0.056234, 150, 100, 0.500000, 1.877997, 1.949057, 3.651999, 75, 0.044244 
0.031623, 150, 100, 0.500000, 2.766196, 2.912132, 4.870019, 65, 0.060684 
0.017783, 150, 100, 0.500000, 3.871043, 4.210491, 6.494274, 58, 0.079733 
0.010000, 150, 100, 0.500000, 5.368323, 5.920745, 8.660254, 53, 0.104334 
0.005623, 150, 100, 0.500000, 7.642729, 8.640724, 11.548634, 49, 0.126436 
0.003162, 150, 100, 0.500000, 11.397883, 12.883866, 15.400351, 45, 0.156544 
0.177828, 150, 100, 0.800000, 2.161909, 2.202635, 3.285872, 130, 0.018242 
0.100000, 150, 100, 0.800000, 3.280013, 3.349315, 4.381780, 91, 0.022697 
0.056234, 150, 100, 0.800000, 4.694731, 4.781301, 5.843198, 75, 0.027229 
0.031623, 150, 100, 0.800000, 6.426494, 6.602357, 7.792030, 65, 0.033609 
0.017783, 150, 100, 0.800000, 8.690016, 8.970259, 10.390839, 58, 0.042233 
0.010000, 150, 100, 0.800000, 11.848306, 12.303600, 13.856406, 53, 0.052683 
0.005623, 150, 100, 0.800000, 16.092517, 16.903364, 18.477815, 49, 0.064031 
0.003162, 150, 100, 0.800000, 21.808327, 22.880504, 24.640562, 45, 0.081118 
0.177828, 150, 100, 1.000000, 3.072243, 3.124832, 4.107340, 130, 0.017073 
0.100000, 150, 100, 1.000000, 4.552492, 4.631466, 5.477226, 91, 0.019386 
0.056234, 150, 100, 1.000000, 6.385186, 6.511331, 7.303998, 75, 0.023059 
0.031623, 150, 100, 1.000000, 8.758263, 8.939778, 9.740037, 65, 0.027656 
0.017783, 150, 100, 1.000000, 11.862567, 12.164205, 12.988549, 58, 0.033698 
0.010000, 150, 100, 1.000000, 16.161324, 16.589801, 17.320508, 53, 0.041899 
0.005623, 150, 100, 1.000000, 21.612954, 22.438150, 23.097269, 49, 0.051095 
0.003162, 150, 100, 1.000000, 29.490592, 30.190898, 30.800703, 45, 0.063968 
0.177828, 150, 100, 2.000000, 7.639254, 7.734535, 8.214679, 130, 0.013675 
0.100000, 150, 100, 2.000000, 11.059354, 11.187056, 10.954451, 91, 0.014555 
0.056234, 150, 100, 2.000000, 15.361453, 15.548211, 14.607995, 75, 0.016036 
0.031623, 150, 100, 2.000000, 20.791433, 21.082837, 19.480075, 65, 0.017759 
0.017783, 150, 100, 2.000000, 28.192860, 28.525661, 25.977097, 58, 0.020468 
0.010000, 150, 100, 2.000000, 38.041327, 38.292093, 34.641016, 53, 0.023983 
0.005623, 150, 100, 2.000000, 50.874360, 51.067161, 46.194537, 49, 0.028854 
0.003162, 150, 100, 2.000000, 68.275453, 68.344040, 61.601406, 45, 0.036931
0.017783, 150, 100, 1.333333, 17.265329, 17.263598, 17.318065, 130, 0.027270 
0.017783, 150, 100, 0.300000, 0.744740, 0.854368, 3.896565, 130, 0.153272 
0.017783, 150, 100, 0.200000, 0.589465, 0.663852, 2.597710, 130, 0.144364 
0.017783, 150, 100, 0.350000, 1.288115, 1.478593, 4.545992, 130, 0.144346 
0.017783, 150, 100, 1.666667, 22.661435, 22.551016, 21.647581, 130, 0.024208 
0.017783, 150, 100, 0.400000, 2.137449, 2.335901, 5.195419, 130, 0.116517 
0.017783, 150, 100, 0.250000, 0.642502, 0.787308, 3.247137, 130, 0.137156 
0.017783, 150, 100, 0.650000, 6.416917, 6.612555, 8.442557, 130, 0.053260 
0.017783, 50, 300, 0.116667, 0.120482, 0.122027, 1.515331, 130, 0.040379 
0.017783, 50, 300, 0.233333, 0.132479, 0.126124, 3.030661, 130, 0.042050 
0.017783, 50, 300, 0.666667, 6.489431, 6.445178, 8.659032, 130, 0.019941 
0.017783, 50, 300, 0.066667, 0.120122, 0.117796, 0.865903, 130, 0.040254 
0.017783, 50, 300, 2.666667, 37.064468, 36.612984, 34.636130, 230, 0.011311 
0.017783, 50, 300, 0.166667, 0.117545, 0.120386, 2.164758, 130, 0.040005 
0.017783, 50, 300, 0.333333, 0.659992, 0.664755, 4.329516, 130, 0.046790 
0.017783, 50, 300, 1.000000, 11.714346, 11.565951, 12.988549, 130, 0.013696 
0.017783, 50, 300, 0.083333, 0.118393, 0.117592, 1.082379, 130, 0.038869 
0.017783, 50, 300, 0.216667, 0.123201, 0.119247, 2.814186, 130, 0.040173 
0.017783, 50, 300, 0.500000, 3.635022, 3.638347, 6.494274, 130, 0.029004 
0.017783, 50, 300, 1.666667, 22.575542, 22.211885, 21.647581, 130, 0.010618 
0.017783, 50, 300, 0.100000, 0.113159, 0.113954, 1.298855, 130, 0.038701 
0.017783, 50, 300, 3.333333, 42.971830, 42.693480, 43.295162, 230, 0.012378 
0.017783, 50, 300, 5.000000, 48.067706, 48.328261, 64.942744, 230, 0.013185 
0.017783, 50, 300, 6.666667, 48.794945, 49.500699, 86.590325, 230, 0.013142
0.031623,150,100,1.000000,8.752232,8.987772,9.740037,20,0.027698
0.031623,150,100,0.500000,2.744394,2.914604,4.870019,20,0.061013
0.023714,150,100,1.000000,10.166111,10.463331,11.247620,20,0.030038
0.023714,150,100,0.500000,3.287271,3.526273,5.623810,20,0.070784
0.013335,150,100,1.000000,13.873622,14.388524,14.998942,20,0.037637
0.013335,150,100,0.500000,4.569338,5.012348,7.499471,20,0.092532
0.007499,150,100,0.500000,6.379556,7.220074,10.000705,20,0.119037
0.007499,150,100,1.000000,18.402011,19.233601,20.001411,20,0.045381
0.004217,150,100,0.500000,8.668769,10.234767,13.336155,20,0.155842
0.004217,150,100,1.000000,24.805819,26.327836,26.672310,20,0.059478
0.074989,150,100,0.650000,2.787619,2.865953,4.111251,20,0.028825
0.013335,150,100,0.650000,7.492284,7.961788,9.749312,20,0.060503
0.005623,150,100,0.650000,11.743119,12.819793,15.013225,20,0.085885
0.177828,150,100,0.650000,1.444030,1.471004,2.669771,20,0.019314
0.031623,150,100,0.650000,4.668831,4.866754,6.331024,20,0.042794
0.010000,150,100,0.650000,8.534552,9.123831,11.258330,20,0.067719
0.056234,150,100,0.650000,3.340716,3.447883,4.747599,20,0.032778
0.004217,150,100,0.650000,14.120324,15.672540,17.337001,20,0.100101
0.133352,150,100,0.650000,1.858155,1.898011,3.083003,20,0.022146
0.023714,150,100,0.650000,5.452731,5.715633,7.310953,20,0.048019
0.007499,150,100,0.650000,10.179740,11.011656,13.000917,20,0.078402
0.042170,150,100,0.650000,3.962686,4.107126,5.482441,20,0.037185
0.003162,150,100,0.650000,16.300456,18.231301,20.020457,20,0.104006
0.100000,150,100,0.650000,2.310434,2.367831,3.560197,20,0.025588
0.017783,150,100,0.650000,6.363213,6.708594,8.442557,20,0.054125