2017-02-06 11:05:33.087513
w_pq_mean_mean_vv = [[0.64306952182952182, 1.1808741978021979, 1.8779971190476188, 2.7661961846153851, 3.8710425502489398, 5.3683226834381559, 7.6427288752142086, 11.397883451851852], [2.161908752598753, 3.2800129523809516, 4.6947305357142852, 6.4264942666666673, 8.690016383920339, 11.848306004192874, 16.092516677052501, 21.808327044444447], [3.0722429729729726, 4.5524918388278381, 6.385186428571429, 8.7582634974358982, 11.862566992439612, 16.161324276729562, 21.612953777847014, 29.490592088888892], [7.6392538461538466, 11.059353728937733, 15.361452964285714, 20.791433415384621, 28.192859708648349, 38.04132685115303, 50.874360250817858, 68.275453266666645]]
var_vv = [[0.0014158396438742928, 0.0029187292671989697, 0.0066523027445700026, 0.019489929588834297, 0.06323109549957176, 0.25466016004800329, 1.1280919094847213, 5.2833776447877456], [0.0030227010987024612, 0.0056836756060087224, 0.013936669020663241, 0.024864006170540753, 0.12306773748124372, 0.47336146272884527, 0.88335946398413756, 6.0147578234834267], [0.00442741884405799, 0.0056615984598128687, 0.015940098537967771, 0.034539459542496168, 0.14185257915407579, 0.3989218050010353, 2.1800874335729525, 5.6438875318465147], [0.0069758578155437109, 0.01197662025746493, 0.045833537943540857, 0.11139604964782845, 0.34862677108798318, 0.88322370308029119, 2.5001080710808834, 12.050666790427812]]
var_vv_theo = [[0.09924465050361478, 0.2353461546318528, 0.5580936828225578, 1.3234486847412896, 3.1383914117879956, 7.442298871988413, 17.648471854708717, 41.85112210136604], [0.15879144080578364, 0.37655384741096454, 0.8929498925160926, 2.1175178955860634, 5.021426258860793, 11.907678195181461, 28.23755496753395, 66.96179536218567], [0.19848930100722956, 0.4706923092637056, 1.1161873656451156, 2.6468973694825793, 6.276782823575991, 14.884597743976826, 35.296943709417434, 83.70224420273207], [0.3969786020144591, 0.9413846185274112, 2.232374731290231, 5.2937947389651585, 12.553565647151983, 29.769195487953652, 70.59388741883487, 167.40448840546415]]
F_mean_vv = [[0.02132431651224876, 0.031120966227700279, 0.044243776359073214, 0.06068353458107005, 0.079732519108155625, 0.10433420085727055, 0.12643606294999074, 0.15654397808450193], [0.018241612068083304, 0.022696673509434877, 0.027228814038036439, 0.033609284388282673, 0.042232860455555098, 0.052683359259064706, 0.06403070725783129, 0.08111818527936536], [0.017073253557231514, 0.019386398521341403, 0.023058781873327047, 0.027655722914572821, 0.033697819325995075, 0.04189891076366057, 0.051094542254717046, 0.063967615930828906], [0.013674837972889703, 0.01455546242141679, 0.01603600137058531, 0.017759192296851925, 0.020468018130696278, 0.023983307667550715, 0.028854397289142634, 0.036931400050347625]]
2017-02-06 15:33:21.525081
w_pq_mean_mean_vv = [[17.265329455621305], [22.661434532544376]]
var_vv = [[0.54779123548278963], [0.65979495436996138]]
var_vv_theo = [[8.369043764767987], [10.461304705959984]]
F_mean_vv = [[0.027269656698413112], [0.024208290030172719]]
2017-02-06 15:33:54.900209
w_pq_mean_mean_vv = [[0.74473989349112435], [2.1374488047337281]]
var_vv = [[0.15633582863560086], [0.13871174853498461]]
var_vv_theo = [[1.8830348470727971], [2.5107131294303966]]
F_mean_vv = [[0.15327189011797374], [0.11651706729254857]]
2017-02-06 15:34:24.071679
w_pq_mean_mean_vv = [[0.58946474556213013], [0.64250229585798824]]
var_vv = [[0.2200296958838793], [0.33134159754921244]]
var_vv_theo = [[1.2553565647151983], [1.5691957058939978]]
F_mean_vv = [[0.14436433009590882], [0.13715604869015444]]
2017-02-06 15:44:08.343106
w_pq_mean_mean_vv = [[1.2881152189349114], [6.4169174201183434]]
var_vv = [[0.15215641868101032], [0.25845420885065856]]
var_vv_theo = [[2.1968739882515966], [4.079908835324394]]
F_mean_vv = [[0.14434638758580451], [0.053259564780135465]]
2017-02-09 15:14:33.393516
w_pq_mean_mean_vv = [[7.6233239999999975, 10.954697333333339, 15.149306666666668, 20.511266666666675, 28.683777999999982, 39.261003333333328, 48.659571999999983, 71.358505999999934]]
var_vv = [[0.20667298009066667, 0.43361518692622214, 1.0645423827555547, 1.9729078668888897, 5.9965458206493336, 10.58156804205553, 17.079479684815997, 27.103023620030708]]
var_vv_theo = [[0.3969786020144591, 0.9413846185274112, 2.232374731290231, 5.2937947389651585, 12.553565647151983, 29.769195487953652, 70.59388741883487, 167.40448840546415]]
F_mean_vv = [[0.01238173323433295, 0.013901575235674868, 0.015539502872798457, 0.016905322876044158, 0.023911360796071666, 0.026286349584043335, 0.041001141903410643, 0.044810833893850148]]
2017-02-09 16:06:41.505430
w_pq_mean_mean_vv = [[0.6496333333333334, 1.0551800000000002, 1.9701324324324325, 3.1639619999999997, 3.9274677419354829, 7.2171800000000017, 6.7133551724137934, 11.425019999999996]]
var_vv = [[0.022628064023668633, 0.059119024000000013, 0.089862961662049823, 0.41664889995600007, 0.52862236194003542, 3.6780453328000005, 2.7200648213584717, 3.0591210263999993]]
var_vv_theo = [[0.09924465050361478, 0.2353461546318528, 0.5580936828225578, 1.3234486847412896, 3.1383914117879956, 7.442298871988413, 17.648471854708717, 41.85112210136604]]
F_mean_vv = [[0.022160309893981135, 0.02749504990372123, 0.033800688247369065, 0.076460807647314194, 0.083452762635101277, 0.091711628529684716, 0.098737152431874184, 0.15767755971766523]]
2017-02-09 16:30:36.730650
w_pq_mean_mean_vv = [[0.16438400000000011, 0.31494200000000006, 0.37579600000000013, 0.59321400000000013, 0.88998400000000033, 1.1471480000000003, 1.4555200000000008, 1.8532620000000002, 2.1786540000000003, 3.3066440000000004, 3.0620919999999994, 4.1194200000000016, 4.4652039999999991, 5.5973179999999987, 5.9219760000000017, 8.0864080000000005, 9.671050000000001, 9.5400639999999992, 14.609638000000004]]
var_vv = [[0.0063390493440000049, 0.013872614035999997, 0.016938495583999996, 0.049768388004000005, 0.073537399744000004, 0.069260102096000017, 0.093168442800000015, 0.19823935275599991, 0.25520563248399986, 0.5259236848640001, 0.18805505833599995, 2.0550825972000002, 1.0131136155840001, 1.2089949718759998, 1.1025185178240002, 1.9385680139360018, 0.86207589570000043, 2.309110789904, 8.4453167919559995]]
var_vv_theo = [[0.02717734995348032, 0.04185112210136604, 0.06444765306924823, 0.09924465050361478, 0.15282946988001994, 0.2353461546318528, 0.36241578632368915, 0.5580936828225578, 0.8594232662046896, 1.3234486847412896, 2.038013735511657, 3.1383914117879956, 4.832892184169632, 7.442298871988413, 11.460593447837594, 17.648471854708717, 27.177349953480316, 41.85112210136604, 64.44765306924823]]
F_mean_vv = [[0.011405395870822189, 0.014731126120850119, 0.014982401041250145, 0.020961520648013657, 0.026757965234522015, 0.032087120895047505, 0.03471102121795764, 0.052325133820310149, 0.058808821495303434, 0.057624233236641793, 0.059913088470866772, 0.085916335835446445, 0.11064616531039717, 0.077373193587439104, 0.13547343937261655, 0.089763771638004336, 0.11665025698757479, 0.12003133056525474, 0.19718113049196945]]
2017-02-10 13:58:29.363091
w_pq_mean_mean_vv = [[0.36588235294117644, 0.52882105943152424, 0.79235714285714276, 1.0825903342366752, 1.310475352112676, 1.7896961805555562, 2.2124438202247192, 2.7333107727016355, 3.2117596899224772, 4.4377397910731231, 5.2166898148148144, 7.0623216482164812, 7.856259131103422, 8.7287522620340212, 12.350447341513295, 10.565547480620165, 16.905040557086, 26.334171770195404, 23.915497222222225]]
var_vv = [[0.031148284180229826, 0.034144759651535093, 0.079709041908121267, 0.11258775558409931, 0.16769896059488126, 0.22467487101120642, 0.41231963263889121, 0.52131474458721394, 0.70076317131746524, 1.6834470829455301, 2.0801042658859323, 5.6859659355725372, 6.596475268576647, 8.5127640259792301, 13.675973513956237, 14.051739091067859, 28.028274354500777, 85.051491259601249, 22.379911810640451]]
var_vv_theo = [[0.0697518701689434, 0.10741275511541372, 0.16540775083935794, 0.25471578313336657, 0.39224359105308804, 0.604026310539482, 0.9301561380375962, 1.4323721103411493, 2.2057478079021493, 3.3966895591860955, 5.230652352979991, 8.054820306949386, 12.40383145331402, 19.10098907972932, 29.41411975784786, 45.29558325580052, 69.75187016894338, 107.41275511541373, 165.40775083935796]]
F_mean_vv = [[0.024168535755072561, 0.029118341600183138, 0.033596193473248735, 0.045026505236122942, 0.050484483796277888, 0.063217719523242497, 0.069414199771235377, 0.075562896046515893, 0.085970825013565511, 0.11334063167693298, 0.13076256151726678, 0.1424069642135066, 0.15239790299099271, 0.17263015581595012, 0.23616265796336117, 0.25351060909634965, 0.19515354815180064, 0.2284571177379246, 0.21530596680206041]]
