
2017-01-18 11:55:51.666621s, sigma, w_mle, w_pq 
0.050000, 0.500000, 5.129466, 1.953203 

2017-01-18 12:09:16.359868
s, sigma, w_mle, w_pq 

2017-01-18 12:11:43.677206
s, sigma, w_mle, w_pq 
0.050000, 0.500000, 5.157522, 2.109373 
0.050000, 1.000000, 7.851541, 7.001154 
0.050000, 1.500000, 11.257387, 11.608590 
0.050000, 2.000000, 14.667744, 16.117477 
0.050000, 3.000000, 26.751045, 26.519537 
0.050000, 5.000000, inf, 46.403650 
0.010000, 0.500000, 7.198752, 5.925177 
0.010000, 1.000000, 15.530414, 16.410021 
0.010000, 1.500000, 26.508496, 26.324747 
0.010000, 2.000000, 40.707327, 37.892658 
0.010000, 3.000000, inf, 63.068965 
0.010000, 5.000000, 72.816037, 100.600561 
0.005000, 0.500000, 8.108602, 7.792461 
0.005000, 1.000000, 19.465981, 21.799715 
0.005000, 1.500000, 50.034069, 36.061009 
0.005000, 2.000000, inf, 55.460791 
0.005000, 3.000000, 37.731646, 87.680839 
0.005000, 5.000000, inf, 123.451404 
0.001000, 0.500000, inf, 22.131350 
0.001000, 1.000000, inf, 35.409233 
0.001000, 1.500000, inf, 67.997555 

2017-01-18 14:25:03.977198
s, sigma, w_mle, w_pq 
0.050000, 0.500000, 1.925766, 2.124598 
0.050000, 1.000000, 5.447790, 6.766739 
0.050000, 3.000000, 11.042226, 26.458348 
0.050000, 5.000000, 9.776717, 45.360136 
0.010000, 0.500000, 5.320169, 5.206574 
0.010000, 1.000000, 10.996000, 15.553243 
0.010000, 3.000000, 7.926561, 63.404269 
0.010000, 5.000000, 4.596749, 103.266603 
0.005000, 0.500000, 5.890730, 6.461625 
0.005000, 1.000000, 10.120530, 25.749806 
0.005000, 3.000000, 4.611168, 80.848811 
0.005000, 5.000000, -1.390696, 126.943885 
0.001000, 0.500000, 5.380283, 9.856487 
0.001000, 1.000000, 4.748909, 37.426824 
0.001000, 3.000000, 7.318670, 127.038864 
0.001000, 5.000000, 2.597286, 140.017262 
0.000500, 0.500000, 17.904179, 15.823979 
0.000500, 1.000000, 3.107057, 42.349252 
0.000500, 3.000000, -6.617043, 136.659869 
0.000500, 5.000000, -1.020851, 145.292896 

2017-01-19 10:25:08.369978
s, sigma, w_mle, w_pq, w_theoretical 
0.100000, 1.000000, 6.246138, 4.468708, 3.351531, 5.477226 
0.100000, 3.000000, 15.099167, 17.721036, 13.290777, 16.431677 

2017-01-19 10:29:45.002955
s, sigma, w_mle, w_pq, w_theoretical 
0.100000, 5.000000, 24.652287, 31.188196, 23.391147, 27.386128 
