
2017-01-18 11:55:51.666621s, sigma, w_mle, w_pq 
0.050000, 0.500000, 5.129466, 1.953203 

2017-01-18 12:09:16.359868
s, sigma, w_mle, w_pq 

2017-01-18 12:11:43.677206
s, sigma, w_mle, w_pq 
0.050000, 0.500000, 5.157522, 2.109373 
0.050000, 1.000000, 7.851541, 7.001154 
0.050000, 1.500000, 11.257387, 11.608590 
0.050000, 2.000000, 14.667744, 16.117477 
0.050000, 3.000000, 26.751045, 26.519537 
0.050000, 5.000000, inf, 46.403650 
0.010000, 0.500000, 7.198752, 5.925177 
0.010000, 1.000000, 15.530414, 16.410021 
0.010000, 1.500000, 26.508496, 26.324747 
0.010000, 2.000000, 40.707327, 37.892658 
0.010000, 3.000000, inf, 63.068965 
0.010000, 5.000000, 72.816037, 100.600561 
0.005000, 0.500000, 8.108602, 7.792461 
0.005000, 1.000000, 19.465981, 21.799715 
0.005000, 1.500000, 50.034069, 36.061009 
0.005000, 2.000000, inf, 55.460791 
0.005000, 3.000000, 37.731646, 87.680839 
0.005000, 5.000000, inf, 123.451404 
0.001000, 0.500000, inf, 22.131350 
0.001000, 1.000000, inf, 35.409233 
0.001000, 1.500000, inf, 67.997555 

2017-01-18 14:25:03.977198
s, sigma, w_mle, w_pq 
0.050000, 0.500000, 1.925766, 2.124598 
0.050000, 1.000000, 5.447790, 6.766739 
0.050000, 3.000000, 11.042226, 26.458348 
0.050000, 5.000000, 9.776717, 45.360136 
0.010000, 0.500000, 5.320169, 5.206574 
0.010000, 1.000000, 10.996000, 15.553243 
0.010000, 3.000000, 7.926561, 63.404269 
0.010000, 5.000000, 4.596749, 103.266603 
0.005000, 0.500000, 5.890730, 6.461625 
0.005000, 1.000000, 10.120530, 25.749806 
0.005000, 3.000000, 4.611168, 80.848811 
0.005000, 5.000000, -1.390696, 126.943885 
0.001000, 0.500000, 5.380283, 9.856487 
0.001000, 1.000000, 4.748909, 37.426824 
0.001000, 3.000000, 7.318670, 127.038864 
0.001000, 5.000000, 2.597286, 140.017262 
0.000500, 0.500000, 17.904179, 15.823979 
0.000500, 1.000000, 3.107057, 42.349252 
0.000500, 3.000000, -6.617043, 136.659869 
0.000500, 5.000000, -1.020851, 145.292896 

2017-01-19 10:25:08.369978
s, sigma, w_mle, w_pq, w_theoretical 
0.100000, 1.000000, 6.246138, 4.468708, 3.351531, 5.477226 
0.100000, 3.000000, 15.099167, 17.721036, 13.290777, 16.431677 

2017-01-19 10:29:45.002955
s, sigma, w_mle, w_pq, w_theoretical 
0.100000, 1.000000, 6.144819, 4.468874, 3.351656, 5.477226 

2017-01-19 10:32:26.765233
s, sigma, w_mle, w_pq, w_theoretical 
0.010000, 1.000000, 15.179263, 14.386264, 10.789698, 17.320508 
0.100000, 1.000000, 6.205461, 4.564846, 3.423634, 5.477226 
0.100000, 3.000000, 15.940591, 17.840750, 13.380562, 16.431677 
0.010000, 3.000000, 60.410452, 62.464722, 46.848541, 51.961524 
0.100000, 5.000000, 26.010660, 31.204008, 23.403006, 27.386128 
0.010000, 1.000000, 16.546705, 16.454612, 12.340959, 17.320508 
0.010000, 5.000000, 34.150185, 101.871164, 76.403373, 86.602540 
0.010000, 3.000000, 23.470467, 57.660326, 43.245244, 51.961524 
0.001000, 1.000000, 28.349860, 40.089884, 30.067413, 54.772256 
0.010000, 5.000000, 108.414690, 100.516182, 75.387137, 86.602540 
0.001000, 1.000000, 30.280178, 30.904512, 23.178384, 54.772256 
0.001000, 3.000000, 0.484845, 125.409984, 94.057488, 164.316767 
0.001000, 3.000000, 93.578832, 133.019784, 99.764838, 164.316767 
0.001000, 5.000000, 28.954325, 143.000186, 107.250139, 273.861279 
0.000100, 1.000000, -16.831391, 47.394738, 35.546053, 173.205081 
0.001000, 5.000000, 22.981436, 111.091882, 83.318911, 273.861279 
0.000100, 3.000000, -27.128639, 138.598340, 103.948755, 519.615242 
0.000100, 1.000000, 25.147554, 52.974202, 39.730651, 173.205081 
0.000100, 5.000000, -3.937084, 134.948850, 101.211637, 866.025404 
0.000100, 3.000000, 8.548358, 133.313444, 99.985083, 519.615242 
0.000100, 5.000000, -88.899404, 139.744438, 104.808328, 866.025404 

2017-01-19 11:36:18.985907
s, sigma, w_mle, w_pq, w_theoretical 

2017-01-19 11:36:46.005364
s, sigma, w_mle, w_pq, w_theoretical 
0.010000, 1.000000, 14.464568, 14.435618, 10.826714, 17.320508 

2017-01-19 11:40:19.442187
s, sigma, w_mle, w_pq, w_theoretical 
0.010000, 1.000000, 27.704634, 16.583650, 12.437737, 17.320508 

2017-01-19 11:42:54.390053
s, sigma, w_mle, w_pq, w_theoretical 
0.010000, 3.000000, 45.864869, 56.542174, 42.406630, 51.961524 
0.010000, 1.000000, 13.255305, 16.419056, 12.314292, 17.320508 
0.010000, 5.000000, 17.001041, 98.967966, 74.225975, 86.602540 
0.001000, 1.000000, 10.351152, 59.131494, 44.348620, 54.772256 
0.001000, 3.000000, 35.087430, 131.427924, 98.570943, 164.316767 
0.001000, 5.000000, 13.802212, 135.072294, 101.304220, 273.861279 

2017-01-19 11:58:49.240298
s, sigma, w_mle, w_pq, w_theoretical 
0.000100, 1.000000, 24.083707, 45.287668, 33.965751, 173.205081 

2017-01-19 12:03:20.926185
s, sigma, w_mle, w_pq, w_theoretical 
0.010000, 1.000000, 17.589049, 16.114702, 12.086027, 17.320508 
0.000100, 3.000000, -22.376579, 142.369602, 106.777201, 519.615242 
0.000100, 5.000000, 36.329514, 146.788376, 110.091282, 866.025404 
0.000010, 1.000000, -16.339090, 52.443998, 39.332998, 547.722558 
0.000010, 3.000000, 61.413425, 138.212110, 103.659082, 1643.167673 
0.000010, 5.000000, -50.894845, 139.265558, 104.449168, 2738.612788 

2017-01-19 12:26:45.220843
s, sigma, w_mle, w_pq, w_theoretical 

2017-01-19 12:27:02.929609
s, sigma, w_mle, w_pq, w_theoretical 
0.010000, 1.000000, 10.805410, 18.333774, 13.750331, 17.320508 

2017-01-19 12:31:23.910565
s, sigma, w_mle, w_pq, w_theoretical 
0.010000, 1.000000, 14.022189, 16.557402, 12.418052, 17.320508 
0.010000, 3.000000, 44.342134, 58.766562, 44.074921, 51.961524 
0.010000, 5.000000, 11.785788, 102.027592, 76.520694, 86.602540 
0.001000, 1.000000, -20.814797, 31.453052, 23.589789, 54.772256 
0.001000, 3.000000, 14.561815, 119.949736, 89.962302, 164.316767 
0.001000, 5.000000, 13.219529, 132.036978, 99.027733, 273.861279 
0.000100, 1.000000, 43.595675, 40.559570, 30.419677, 173.205081 
0.000100, 3.000000, 1.219099, 137.289194, 102.966896, 519.615242 
0.000100, 5.000000, -3.997129, 140.850020, 105.637515, 866.025404 

2017-02-09 09:30:31.755003
s, sigma, w_mle, w_pq, w_theoretical 
0.001000, 0.500000, 11.294512, 7.386374, 5.539781, 27.386128 
0.001000, 1.000000, 44.664390, 35.910066, 26.932550, 54.772256 
